Test 1 : (mem = 816 bytes)
A : [4 X 6]
   47     0    29    11    21    27
   47     0     0     0     0     0
    0     0    34    39     0     0
    0     0     8    35     0     0
AT : [6 X 4]
   47    47     0     0
    0     0     0     0
   29     0    34     8
   11     0    39    35
   21     0     0     0
   27     0     0     0

Test 2 : (mem = 1632 bytes)
A : [8 X 9]
    0    45    13    48     0     0     0     0     0
    0    42    16     0     0     0     5     0    11
    0     0     0     0     0     0     0     0     0
    0     0     9     0     0     0     0    10    13
    0     0     0     0     8     0    25    34     4
    0     0    19     0     0     0    16     0     1
    0    34     0     0     0     0    25    10    27
   47    22    13     0     0     0     0     0     0
AT : [9 X 8]
    0     0     0     0     0     0     0    47
   45    42     0     0     0     0    34    22
   13    16     0     9     0    19     0    13
   48     0     0     0     0     0     0     0
    0     0     0     0     8     0     0     0
    0     0     0     0     0     0     0     0
    0     5     0     0    25    16    25     0
    0     0     0    10    34     0    10     0
    0    11     0    13     4     1    27     0

Test 3 : (mem = 3312 bytes)
A : [10 X 20]
    4    46     1     0     0     0     0     0     0     0     0    40     0     5     0     0     0     0     0     0
    0     0     0    42     0     0    43     0     0    24     0    26     0     0     0     0     0     7    33     0
   33     0     0    11    13     0     0     0     0     0     0     0    38     0     0     0     0     0     0    30
    0     0     0    40     0     0     0     0     0     0     0     0     0    41     0     0    30     0    18     0
    0    20     0     0     0     0    14     0    14     0     0     0    37     0     0     0     0     1    18     0
    0    40     0     0     0     0     0     0     0     0     0     0     0     0     0     0     0     0     0     0
    0     0     0    28    37     0     0     0     0     0    31    37     0     0     0     0     0     0     8    12
    0    28     0     0     0     0     0     0     0     0     0     0     0     0    22     0     0    12     0     0
    0    15     0     0     0     0     0    29     0    29     0    43     0     0     0    28     0     0     0     0
    0     0     0    42    30    34     0     0     0     0     0    37     0    14     0    43     0     0    48     0
AT : [20 X 10]
    4     0    33     0     0     0     0     0     0     0
   46     0     0     0    20    40     0    28    15     0
    1     0     0     0     0     0     0     0     0     0
    0    42    11    40     0     0    28     0     0    42
    0     0    13     0     0     0    37     0     0    30
    0     0     0     0     0     0     0     0     0    34
    0    43     0     0    14     0     0     0     0     0
    0     0     0     0     0     0     0     0    29     0
    0     0     0     0    14     0     0     0     0     0
    0    24     0     0     0     0     0     0    29     0
    0     0     0     0     0     0    31     0     0     0
   40    26     0     0     0     0    37     0    43    37
    0     0    38     0    37     0     0     0     0     0
    5     0     0    41     0     0     0     0     0    14
    0     0     0     0     0     0     0    22     0     0
    0     0     0     0     0     0     0     0    28    43
    0     0     0    30     0     0     0     0     0     0
    0     7     0     0     1     0     0    12     0     0
    0    33     0    18    18     0     8     0     0    48
    0     0    30     0     0     0    12     0     0     0

Test 4 : (mem = 4080 bytes)
A : [16 X 20]
    0     0    24     4     0     0     0     0     0    23     0    35     3     0     0     0     0     0     0     0
    0     0     0     0     0     0     0     0     0     0    19    26     0     0     0     0     0     0    19    26
    0     0     0     0     0     0     0     0    14     0     0    27     0     0     0     0    15     0     0     0
   47     0    22     0     0     0     0     0     0    16     0     0     0    18    42    16     0     0     0     0
    3     0     0     0     0     0    39     0     0     0     0     0     0     0     7     0    33     0     0     0
    0    42     0    14    45     0    42     0     0    32     0     0     0     0    36     0     2    33     0     0
    0     0     2     0     0    41     0     0     0     0    16     0     0     0    13     0     0     0     0    10
    0     0    40     0     0     0     0     0     0     0     0     0     0    27     0     0    42     0     0     0
    0     0     0    13     0     0     0    39     0    18     0     0     0    42     0     0    37     0     0    10
    0     0     0     0     8     0     0     0    34     0     0     0     0     0     0     0    21    16     0    10
    0     0     0     0    28     0     0     0     0     0    19     0     0    35     0     0     9     0     0     0
    0     0    18     0     0     0     0     0     0     0     0     0     0     0     0     2     0     0     0     0
   27     0     0     0     0     0     0     0     0     0     0     0     0     0     0     0     0    27     0     0
    5     0     0     0     0    41     0     0     0     0     0     0     0     0     0     0     0     0     0    45
    0     0     0     0     0     0     4     0     0     0     0     0     0     0     0     0    15     0     0    19
    0    26     0     0     0     0     0     0     0     0     0     0     0     0     0     0     0     0     0     0
AT : [20 X 16]
    0     0     0    47     3     0     0     0     0     0     0     0    27     5     0     0
    0     0     0     0     0    42     0     0     0     0     0     0     0     0     0    26
   24     0     0    22     0     0     2    40     0     0     0    18     0     0     0     0
    4     0     0     0     0    14     0     0    13     0     0     0     0     0     0     0
    0     0     0     0     0    45     0     0     0     8    28     0     0     0     0     0
    0     0     0     0     0     0    41     0     0     0     0     0     0    41     0     0
    0     0     0     0    39    42     0     0     0     0     0     0     0     0     4     0
    0     0     0     0     0     0     0     0    39     0     0     0     0     0     0     0
    0     0    14     0     0     0     0     0     0    34     0     0     0     0     0     0
   23     0     0    16     0    32     0     0    18     0     0     0     0     0     0     0
    0    19     0     0     0     0    16     0     0     0    19     0     0     0     0     0
   35    26    27     0     0     0     0     0     0     0     0     0     0     0     0     0
    3     0     0     0     0     0     0     0     0     0     0     0     0     0     0     0
    0     0     0    18     0     0     0    27    42     0    35     0     0     0     0     0
    0     0     0    42     7    36    13     0     0     0     0     0     0     0     0     0
    0     0     0    16     0     0     0     0     0     0     0     2     0     0     0     0
    0     0    15     0    33     2     0    42    37    21     9     0     0     0    15     0
    0     0     0     0     0    33     0     0     0    16     0     0    27     0     0     0
    0    19     0     0     0     0     0     0     0     0     0     0     0     0     0     0
    0    26     0     0     0     0    10     0    10    10     0     0     0    45    19     0

Test 5 : (mem = 1824 bytes)
A : [20 X 10]
    0     0     0     0     0     0     0     0     0     0
    0     0     0     0     0     0     0     0     0     0
    0     0     0     0     0    10     0     0     0     0
    0     0     0    25     0     0     0     7     0     0
    0     0     0     0     0     0     0     0     0    26
    0     1     0     0     0     0     0     0     0     0
    0     0     0     0    31     0    45     0     0     0
    0     0     0     0     0     0     0     0     0     0
    0     0     0     0     0     0     0     0     0     0
    0     0     0     0     0     0     0     0     0    47
    0     0     0     0     0     0     0     0     0     0
    0     0     0     0     0     0     0     0     0     0
    0     0     0     0     0     0     0     0     0    13
    0     0     0     0     0     0     0    35     0     0
    0     0     0     0     0     0     0     0     0     0
   30     0     0     0     0     0     0    38     0     0
    0    18     0     0     0     0     0     0    29     0
    0     0     8     0     0     0     0     0     0     0
    0     0     0    39     0     0     0     0     0     0
    0     0     0     0     0     0     0     0    21     0
AT : [10 X 20]
    0     0     0     0     0     0     0     0     0     0     0     0     0     0     0    30     0     0     0     0
    0     0     0     0     0     1     0     0     0     0     0     0     0     0     0     0    18     0     0     0
    0     0     0     0     0     0     0     0     0     0     0     0     0     0     0     0     0     8     0     0
    0     0     0    25     0     0     0     0     0     0     0     0     0     0     0     0     0     0    39     0
    0     0     0     0     0     0    31     0     0     0     0     0     0     0     0     0     0     0     0     0
    0     0    10     0     0     0     0     0     0     0     0     0     0     0     0     0     0     0     0     0
    0     0     0     0     0     0    45     0     0     0     0     0     0     0     0     0     0     0     0     0
    0     0     0     7     0     0     0     0     0     0     0     0     0    35     0    38     0     0     0     0
    0     0     0     0     0     0     0     0     0     0     0     0     0     0     0     0    29     0     0    21
    0     0     0     0    26     0     0     0     0    47     0     0    13     0     0     0     0     0     0     0
