5
4 6 10
0 0 47
0 2 29
0 3 11
0 4 21
0 5 27
1 0 47
2 2 34
2 3 39
3 2 8
3 3 35

8 9 24
0 1 45
0 2 13
0 3 48
1 1 42
1 2 16
1 6 5
1 8 11
3 2 9
3 7 10
3 8 13
4 4 8
4 6 25
4 7 34
4 8 4
5 2 19
5 6 16
5 8 1
6 1 34
6 6 25
6 7 10
6 8 27
7 0 47
7 1 22
7 2 13

10 20 48
0 0 4
0 1 46
0 2 1
0 11 40
0 13 5
1 3 42
1 6 43
1 9 24
1 11 26
1 17 7
1 18 33
2 0 33
2 3 11
2 4 13
2 12 38
2 19 30
3 3 40
3 13 41
3 16 30
3 18 18
4 1 20
4 6 14
4 8 14
4 12 37
4 17 1
4 18 18
5 1 40
6 3 28
6 4 37
6 10 31
6 11 37
6 18 8
6 19 12
7 1 28
7 14 22
7 17 12
8 1 15
8 7 29
8 9 29
8 11 43
8 15 28
9 3 42
9 4 30
9 5 34
9 11 37
9 13 14
9 15 43
9 18 48

16 20 64
0 2 24
0 3 4
0 9 23
0 11 35
0 12 3
1 10 19
1 11 26
1 18 19
1 19 26
2 8 14
2 11 27
2 16 15
3 0 47
3 2 22
3 9 16
3 13 18
3 14 42
3 15 16
4 0 3
4 6 39
4 14 7
4 16 33
5 1 42
5 3 14
5 4 45
5 6 42
5 9 32
5 14 36
5 16 2
5 17 33
6 2 2
6 5 41
6 10 16
6 14 13
6 19 10
7 2 40
7 13 27
7 16 42
8 3 13
8 7 39
8 9 18
8 13 42
8 16 37
8 19 10
9 4 8
9 8 34
9 16 21
9 17 16
9 19 10
10 4 28
10 10 19
10 13 35
10 16 9
11 2 18
11 15 2
12 0 27
12 17 27
13 0 5
13 5 41
13 19 45
14 6 4
14 16 15
14 19 19
15 1 26

20 10 17
2 5 10
3 3 25
3 7 7
4 9 26
5 1 1
6 4 31
6 6 45
9 9 47
12 9 13
13 7 35
15 0 30
15 7 38
16 1 18
16 8 29
17 2 8
18 3 39
19 8 21
